X	Sample_53	Sample_54	Sample_55	Sample_56	Sample_57	Sample_58	Sample_59	Sample_60	Sample_61	Sample_62	Sample_63	Sample_64	Sample_65	Sample_66	Sample_67	Sample_68	Sample_69	Sample_70	Sample_71	Sample_72	Sample_73	Sample_74	Sample_75	Sample_76	Sample_77	Sample_78
A0A061DBP6	1623.66	685.859	838.049	740.127	1803.08	1703.44	1718.44	1865.13	544.508	601.596	913.101	769.933	1878.16	1779.56	2330.35	1336.27	1986.3	1750.14	717.656	1145.2	772.57	2181.22	2480.37	1516.65	2499.4	1115
A0A3Q2GSM3	5678.55	4127.32	3680.49	1898.27	5787.01	1210.21	8106.02	4115.63	954.22	1852.75	2893.9	4568.73	2974.11	3844.81	6148.01	1864.09	1662.82	3835.46	1374.39	1272.11	742.125	3525.46	2152.77	2608.6	2751.2	5138.5
A0A3Q2GVV2	NA	77.7045	NA	NA	38.791	49.1529	NA	130.681	NA	143.259	22.1808	76.3966	81.2563	NA	105.969	14.4122	84.6057	102.977	NA	NA	NA	67.7808	32.761	80.9977	50.0439	NA
A0A3Q2GWC9	1.93228	8.02277	10.22691	2.67185	NA	10.04116	NA	NA	NA	NA	NA	NA	2.39735	3.77489	NA	5.78545	1.723649	3.67169	3.31268	3.82498	NA	NA	1.83115	2.497	NA	NA
A0A3Q2GX72	24.6193	NA	39.4149	NA	26.5653	NA	11.5139	18.6612	NA	NA	NA	239.213	6.66092	NA	19.6222	NA	9.714	27.5199	NA	8.50585	26.9644	18.0171	19.7035	NA	21.2451	NA
A0A3Q2GXB1	750.475	599.479	2556.95	620.883	328.083	356.146	220.969	103.279	371.607	866.242	484.674	117.565	397.554	597.901	487.107	419.248	397.845	326.043	224.34	502.261	575.688	272.659	182.27	331.159	230.09	188.27
A0A3Q2GXX5	19.2896	20.2829	20.6838	19.9889	NA	16.6645	NA	30.168	NA	18.3078	NA	8.05973	17.1408	11.9345	13.4224	31.3981	26.4859	26.8567	NA	27.5221	NA	18.5386	33.6261	31.2031	29.3151	1.777532
F6R810	5.57766	14.4079	20.0416	NA	7.96088	3.29113	3.01457	5.81655	NA	9.16339	NA	NA	2.42433	14.1661	10.82668	3.43344	1.507244	9.07362	4.57585	5.32194	NA	42.0225	4.96737	8.97514	7.65643	3.78357
A0A3Q2H075	2.2159	1.526932	NA	NA	NA	2.67811	NA	4.90797	NA	NA	NA	NA	7.47672	1.413959	3.09044	6.94081	NA	4.25534	NA	3.56104	NA	NA	5.9804	3.12965	3.57854	NA
A0A3Q2H1D2	1779.38	1687.15	1709.98	2017.73	855.885	8949.69	1297.77	2140.19	2253.96	2413.51	2472.01	2302.34	1669.75	2339.69	1648.46	2506.11	1639.11	2756.32	2514.4	2154.3	364.768	645.143	3090.79	2750.61	2547.38	1651.9
A0A3Q2H306	313.367	898.395	234.951	1914.13	880.695	2004.77	2063.45	NA	231.545	964.383	225.001	2787.84	150.445	564.631	531.175	280.866	103.485	57.9629	820.723	382.019	NA	268.528	28.2671	258.181	5308.01	NA
A0A3Q2H3F6	1110.82	1410.82	1923.35	1587.86	774.393	760.232	1039.42	784.212	734.428	2296.35	1527.49	1467.7	877.717	1429.24	814.053	1420.31	894.637	1502.45	809.648	1748.99	1083.18	679.178	667.431	1282.68	1018.47	867.145
F6WFI8	453.905	879.846	893.741	531.219	773.626	253.747	1056.9	696.714	935.381	621.486	1002.01	769.39	178.336	775.331	1526.64	139.162	149.179	394.899	656.916	115.254	374.491	2049.23	73.0989	239.158	390.648	1389.88
A0A3Q2H593	NA	100.8373	NA	75.4442	NA	33.1856	NA	NA	NA	NA	NA	NA	62.5251	NA	157.499	7.28668	NA	NA	NA	65.4768	NA	108.543	53.0513	88.8413	116.708	NA
A0A3Q2H659	23.4613	6.74527	NA	NA	91.4427	25.0478	NA	6.75603	NA	NA	16.6366	NA	4.03062	9.41489	61.0551	4.79768	23.4481	NA	NA	6.42585	NA	NA	NA	5.03617	NA	3.22217
A0A3Q2H6U6	3.77213	31.2474	NA	NA	NA	1.721099	NA	NA	38.2999	4.8941	15.2574	5.65494	2.06845	NA	2.95395	NA	NA	2.83914	NA	NA	NA	NA	5.95858	2.31255	59.1068	NA
Q28383	65.7741	NA	NA	285.058	161.668	39.9414	NA	80.4305	19.4254	NA	NA	NA	NA	27.9598	NA	30.597	28.6834	11.6411	8.30961	30.7823	148.055	55.9389	NA	NA	21.1218	NA
A0A3Q2H8S7	510.643	292.368	275.137	123.435	179.343	674.82	312.617	314.555	182.897	216.442	196.756	156.863	422.929	409.896	506.335	447.908	541.458	333.745	149.08	430.615	203.726	247.683	584.458	449.792	450.417	238.939
A0A3Q2H908	33548.2	14447	30829	15598.4	8499.01	69683	18996.6	39733.2	18376.2	22709.6	22486.7	15963.4	16358.2	22098.3	18796.3	26198.2	19287.3	38766.3	21685.5	18307.3	5479.16	10868.7	51457.2	26819.2	47769.4	16573.8
A0A3Q2HAN3	103.101	48.1104	139.066	112.764	78.0764	108.271	292.484	115.655	217.181	169.66	53.7235	61.6583	84.2354	69.3286	158.501	52.9357	45.6587	86.1465	68.4912	44.0212	257.641	21.8564	35.5877	65.02	44.9952	165.696
A0A3Q2HC10	1937.18	1122.23	2277.12	804.011	544.697	6208.23	2078.9	3558.66	811.782	1731.16	1516.55	951.415	1844.67	2302.25	2291.28	2765.88	1886.74	3452.5	825.89	2340.24	260.897	978.296	4273.96	2997.33	5910.04	953.326
A0A3Q2HCW6	92.6837	80.8538	229.263	46.7388	71.244	77.3093	70.8317	95.0007	81.3439	143.874	204.598	94.6736	20.278	48.8918	58.1246	35.1754	25.0964	64.6753	58.5354	53.6625	156.178	39.2871	29.0405	42.5178	108.904	23.2869
A0A3Q2HE26	58.0297	427.193	321.669	34.9385	305.834	175.603	1020.66	94.7828	243.497	32.4865	NA	NA	18.7734	160.346	247.503	13.2846	22.9484	152.095	213.028	25.3774	14.799	16.8725	23.7763	72.8897	29.1841	244.733
A0A3Q2HI93	NA	NA	NA	NA	NA	NA	NA	NA	NA	NA	NA	NA	NA	NA	NA	NA	NA	NA	NA	NA	NA	6.66186	5.09014	NA	NA	NA
A0A3Q2HID2	76.9927	177.603	162.132	59.2056	47.4114	171.194	120.069	84.5099	47.6401	106.859	139.875	117.316	55.2206	129.566	74.2874	146.239	102.689	147.038	123.337	164.703	60.4967	120.966	72.3602	190.121	149.814	42.4573
A0A3Q2HIE9	9.54675	50.5194	NA	13.1713	124.365	NA	NA	NA	NA	40.2091	138.116	480.651	13.2457	18.6365	16.1344	6.86922	NA	34.3183	20.6832	13.266	49.2703	NA	3.51496	11.1123	NA	29.6754
A0A3Q2HJD6	10732.1	5571.36	8327.8	3358.03	8574.23	4835.69	10193	8152.12	6227.47	4387.25	6833.96	5327.06	8332.51	5255.38	13781.8	5403.06	6880.69	7450.66	3554.01	3791.33	9204.35	5821.74	6324.78	7254.41	7109.66	13089
A0A3Q2HJJ4	NA	NA	NA	NA	NA	NA	NA	1.832796	NA	NA	NA	NA	NA	NA	NA	NA	NA	NA	NA	NA	NA	NA	2.56196	NA	4.46071	NA
A0A3Q2HK38	1257.69	582.462	1066.1	422.63	458.917	1576.43	735.639	853.723	663.099	522.947	716.68	566.904	664.267	1005.13	882.396	935.801	632.079	1064.35	730.916	814.604	597.087	514.642	1274.92	965.041	1615.44	1231.21
A0A3Q2HLV9	116.27	NA	192.664	10.61727	NA	231.878	29.2528	169.462	146.515	NA	19.1502	30.6388	55.0673	NA	60.3964	95.6377	24.3044	175.223	138.845	85.4717	NA	40.176	147.458	101.645	198.356	83.0458
A0A3Q2HMJ3	5211.98	3803.41	4282.81	3037.01	2245.15	13425.4	4493.92	5836.6	2822.29	4400.34	4207.61	3340.05	5538.8	4573.04	6412.2	7458.04	5505.03	4704.03	4618.01	5492.75	8089.78	3884.91	7535.22	6212.39	7668.08	8544.34
A0A3Q2HN78	7.03416	8.68986	NA	NA	385.332	4.21317	20.3751	NA	9.75355	5.37007	3.30558	24.0749	NA	19.8653	4.36588	3.29439	2.85169	5.18094	7.49637	1.437959	21.5094	7.60476	NA	2.87422	4.1932	NA
A0A3Q2HPX3	8.89855	NA	NA	2.22813	NA	6.25332	NA	3.5317	2.80292	NA	NA	4.71047	4.34661	7.44527	1.941851	2.94609	4.01291	3.98113	2.85823	4.27635	NA	1.47113	2.9073	6.39872	NA	10.22431
F6TY91	NA	69.8632	NA	64.2076	70.0654	1.449592	49.2274	3.24157	17.4167	1.661596	NA	76.8334	NA	NA	NA	NA	NA	33.3719	97.7506	NA	14.3094	3.35279	NA	2.86621	NA	57.9269
A0A3Q2HRL2	5.21037	2.57152	NA	NA	NA	7.53847	NA	4.36838	NA	NA	NA	NA	NA	7.24792	NA	8.85401	3.03629	7.55823	2.03614	14.0287	NA	40.6131	3.96846	8.74098	12.965	3.15843
A0A3Q2HRX3	5168.04	2912.77	5668.88	6289.17	8630.59	1374.83	3345.99	5038.42	9052.78	4194.82	8595.97	6742.1	1557.13	4791.55	1959.96	1816.67	1150.62	5895.51	6800.89	2235.61	6532.59	6661.68	5015.88	4143.77	5262.97	7462.17
A0A3Q2HTG2	9901.95	4325.53	5932.58	4151.32	5446.51	3485.77	2803.23	7686.01	5157.71	6130.85	3354.72	2427.73	6902.92	4234.17	2964.44	7762.72	7696.56	6688.28	4506.81	6392.64	9547.16	4549.14	12639.4	6037.08	3474.54	6371.34
A0A3Q2HVB6	22535.9	18171	24069.9	12007	26841.5	43245	38755.8	40227.5	16043.3	17910.1	24095.5	9652.52	31435.6	33417.7	49971.2	32434.5	39956.6	42932.2	9811.28	24117.8	19697.6	54294.9	50231.5	38319.8	48962.4	7911.85
A0A3Q2HVQ1	168.679	226.153	296.532	122.884	153.451	155.222	182.586	262.856	278.912	109.659	257.641	131.677	223.956	305.094	163.455	112.177	203.588	222.953	211.306	188.809	139.198	167.013	153.358	278.052	294.637	281.062
A0A3Q2HW24	452.558	252.691	845.781	985.23	735.99	510.836	341.573	645.248	2174.09	1257.22	1038.07	1293.28	120.664	676.781	191.118	295.402	339.362	668.97	3850.02	339.055	577.738	359.358	823.177	533.574	1175.17	1069.21
A0A3Q2HWQ6	858.041	1653.51	800.847	850.783	546.22	984.651	794.463	718.732	612.905	1249.13	680.52	645.617	881.973	1060.34	1015.48	1046.98	954.389	753.266	571.936	1015.12	631.054	696.88	717.836	1151.67	526.221	566.286
A0A3Q2I0V0	39.6827	NA	24.5524	NA	NA	NA	NA	25.346	NA	NA	NA	NA	NA	NA	NA	NA	NA	23.6083	NA	NA	NA	NA	48.5889	NA	29.2339	NA
A0A3Q2I2D6	236.204	337.737	166.581	99.2386	181.261	266.802	461.577	471.341	96.1612	425.218	462.768	923.359	166.217	282.631	257.294	180.173	159.678	299.475	313.054	180.137	140.505	168.733	210.341	210.754	1141.41	175.914
A0A3Q2I2H1	3.91075	NA	NA	4.44388	3.05215	8.34379	8.4865	NA	NA	4.0898	NA	NA	9.56109	NA	10.86138	NA	10.50665	5.00364	3.94168	NA	NA	7.12183	4.18309	NA	NA	NA
A0A3Q2I3K2	297.273	2183.09	889.214	644.135	673.182	322.53	3545.02	291.523	518.093	146.877	378.138	3551.85	277.285	426.039	447.506	89.3575	31.7215	329.947	298.09	49.1643	218.952	83.6061	103.57	284.423	693.36	489.747
A0A3Q2I3W5	1037.24	2301.97	2652.94	1965.34	4312.95	993.398	12674.2	989.165	2550.09	1152.94	1038.99	13217	220.073	20426.1	1238.09	590.004	280.183	778.191	2235.94	248.185	NA	598.31	NA	706.588	4872.39	1833.99
A0A3Q2I424	1063.75	531.679	755.169	362.16	263.947	628.179	1214.13	1271.12	678.237	720.694	454.717	300.971	489.15	775.126	602.687	649.923	863.945	678.213	554.827	997.166	505.322	487.739	576.807	926.168	644.08	960.243
A0A3Q2I4S4	10.77909	20.8431	19.9767	11.7331	NA	5.5219	NA	14.0524	11.7794	16.3611	13.8955	25.8529	12.1798	16.7358	8.80094	6.98834	9.87816	12.9877	3.48164	14.441	NA	10.34198	10.89613	13.9242	5.54572	NA
A0A3Q2I6R8	1317.12	782.163	1197.25	620.297	1413.73	595.383	1308.49	710.933	598.288	656.534	770.08	766.371	913.578	1604.53	1309.33	622.415	644.973	1024.79	635.216	527.596	989.105	597.592	546.699	768.809	NA	1372.76
A0A3Q2I8H8	222.297	246.54	285.159	77.6938	89.9299	222.638	356.169	259.094	115.198	99.3213	139.81	113.951	138.074	593.671	215.003	360.186	214.766	340.436	135.557	405.1	73.1401	127.397	289.998	457.684	386.957	289.487
A0A3Q2I9Y1	55.2171	143.322	420.658	214.564	408.375	169.508	828.301	147.731	824.53	286.906	234.488	266.461	127.729	380.455	315.507	806.473	88.8922	64.9299	387.662	106.773	89.9965	35.9795	27.5865	59.2967	80.659	156.79
F6VFV9	186.785	263.609	225.392	111.248	174.217	41.1334	190.675	187.655	131.676	93.2183	138.855	130.94	48.5476	183.168	377.56	35.089	38.6974	92.6252	82.8738	14.0835	66.1707	773.115	16.0038	73.0041	89.3896	440.772
A0A3Q2ID60	NA	NA	NA	3.82828	NA	NA	NA	NA	NA	5.53	NA	NA	2.87127	NA	NA	1.955675	2.96684	NA	NA	4.76484	NA	NA	NA	NA	NA	NA
A0A3Q2IDD2	29.0299	80.5551	87.0179	63.6326	17.3929	64.089	39.5482	19.7815	34.6886	114.01	58.3708	58.921	46.0878	58.5505	43.427	35.5991	38.2428	46.593	29.1651	48.6519	47.6172	33.2627	17.7142	38.9931	30.8243	20.6548
A0A3Q2IE19	175.412	288.276	498.825	332.135	553.22	183.594	821.746	320.253	616.218	306.56	758.831	101.732	269.089	376.429	106.423	156.275	230.772	283.633	291.947	184.188	495.663	175.767	185.619	153.42	514.83	713.074
A0A3Q2IEU7	52.061	101.912	74.9204	55.9317	77.5714	47.3168	131.733	50.3226	56.9827	33.4522	53.1064	332.361	26.356	75.4434	48.1127	65.3692	18.877	33.3688	77.7364	37.352	46.9476	54.8342	28.6437	57.995	57.1766	95.0344
A0A3Q2KM06	101.058	56.0821	90.3681	29.0817	49.6961	15.6994	191.579	125.042	53.1039	25.5565	38.0683	43.4326	34.9215	196.202	94.8859	27.4271	49.052	141.762	82.1112	58.8932	85.9028	87.3991	57.6083	81.6679	122.899	101.851
A0A3Q2KUV4	1115.54	799.11	758.691	646.202	452.475	462.15	837.207	889.253	222.438	176.161	617.638	185.679	401.051	594.546	700.617	555.302	336.321	1024.15	409.812	406.54	370.569	834.098	438.432	920.978	1046.14	529.871
A0A3Q2L7R0	13.0869	91.7625	31.8806	43.0451	9.07205	65.0617	11.5363	19.5525	NA	88.513	19.6032	NA	53.2586	49.9454	28.7783	39.5938	36.2595	43.6207	NA	58.227	17.154	26.628	22.4067	36.3942	27.3367	NA
A0A3Q2L7X0	106.754	51.7178	91.9709	46.714	60.5175	76.9954	98.938	57.8601	33.4057	46.3534	71.5516	104.754	NA	105.652	81.9192	64.1695	52.3121	107.01	38.1778	57.0722	46.2513	39.0031	97.7492	128.956	192.232	29.8898
A0A3Q2LBD1	29.6152	9.82884	18.5209	25.1286	18.6096	7.83978	119.342	46.8378	NA	22.4883	13.0308	NA	5.4017	33.4327	7.55527	9.48483	7.46458	45.3011	18.6244	11.9366	29.9123	49.4904	17.8069	14.5152	42.9249	NA
A0A3Q2LBE4	33.2863	7.35646	NA	NA	10.90625	NA	189.867	83.4611	32.6397	115.883	36.3264	25.6971	32.3168	NA	22.2064	35.7844	24.7037	42.7854	195.006	8.51939	NA	56.2791	2.88231	18.7361	49.0056	166.25
A0A3Q2LCW0	2248.49	16766.6	6324.98	4920.94	8748.06	4402.39	21060.3	1181.62	1815.5	1109.69	2667.99	18946.2	1453.82	22241.8	4869.01	2177.49	712.603	2383.57	2594.46	532.732	1129.31	985.191	1166.87	1860.16	13422.5	2548.27
A0A3Q2LDF3	221.169	144.153	201.723	124.542	115.55	600.23	365.675	240.756	137.887	179.596	169.272	129.011	362.156	239.465	390.012	343.699	280.456	272.715	304.991	232.879	162.844	200.173	274.905	292.484	264.336	210.822
A0A3Q2LEZ9	36.0746	64.2725	27.4939	166.03	25.2635	26.9821	72.11	29.3613	146.055	16.5515	90.7517	99.862	38.7679	46.4926	33.8253	77.2649	46.2538	30.3681	22.3801	46.5357	58.481	20.505	18.5251	60.909	56.0305	13.6131
A0A3Q2LFC7	33.6969	515.92	1463.25	2039.01	NA	191.873	656.334	561.18	1970.85	181.369	1220.07	4414.79	41.6683	572.855	291.381	2.19742	179.287	478.965	674.35	15.0168	1778.49	271.449	NA	154.156	108.781	NA
A0A3Q2LG05	12.2882	6.78286	3.36075	17.42	NA	3.93822	29.1021	15.1156	NA	4.65647	7.81114	20.1928	8.18136	NA	4.87166	4.74309	4.03188	12.5496	NA	6.15718	46.4018	7.30404	6.73887	5.84309	16.2728	NA
A0A3Q2LQH7	33.8453	66.1967	23.45	27.2605	16.2912	NA	10.45533	15.2319	17.5918	NA	NA	30.3576	7.75183	34.7106	12.9657	13.9268	10.60568	NA	22.0072	9.44723	NA	21.2167	2.74621	26.8474	15.3973	25.2468
A0A5F5PEE6	61.0321	122.832	234.366	144.75	211.061	31.106	231.644	83.6569	154.13	189.445	132.831	188.377	59.7214	157.25	76.9622	33.9579	76.5316	90.8543	186.085	41.2631	200.935	118.451	37.0691	57.6861	112.284	99.7049
A0A5F5PEG5	595.105	1336.02	920.984	884.28	501.756	2003.33	884.068	1193.61	213.74	1213.27	681.32	491.845	1684.41	1227.14	1160.87	1605.69	1502.04	1656.69	404.238	1556.18	177.285	663.315	1110.18	1610.8	1307.34	265.832
A0A5F5PL54	NA	6.67636	NA	NA	NA	NA	NA	75.0528	NA	74.1428	134.462	NA	NA	NA	NA	18.2947	10.69389	49.0114	NA	19.7518	230.769	5.23865	19.3717	NA	NA	NA
A0A5F5PLA5	19.9979	52.7568	86.2999	40.8131	32.0307	53.058	15.5703	26.6272	39.8173	31.8129	8.84708	41.5472	42.0921	53.6756	44.9899	32.4741	36.0479	25.8141	22.1906	34.4915	27.4872	20.4617	17.3343	24.5482	33.2989	35.4935
A0A5F5PM23	7.6007	9.74359	NA	NA	8.33478	4.77453	NA	NA	NA	3.58911	1.316438	13.0537	5.25176	8.70194	4.85419	6.54732	3.93498	7.61326	NA	7.09848	NA	12.7793	4.79729	7.9156	NA	NA
A0A5F5PPB8	6695.91	2926.2	3981.74	2258.7	3258.93	2827.68	2475.96	5372.2	2411.75	3212.53	1876.62	1182.23	4902.37	3869.75	2470.34	6015.03	5759.33	5521.92	2579.1	5019.32	2847.38	3419.48	9783.36	5082.48	3017.21	3903.4
A0A5F5PQA2	28.9348	22.5356	74.7005	126.663	191.091	10.8923	48.4781	171.509	244.919	146.223	138.452	60.2562	3.72021	115.338	27.4915	8.91711	14.3163	100.5436	161.514	24.9039	152.269	73.3337	20.7871	51.439	66.3708	50.8748
A0A5F5PQM9	37.434	60.7504	29.0515	28.3674	105.307	34.0325	29.9678	24.7241	47.3464	24.9475	24.779	3.43122	75.2404	59.7296	67.7777	17.5242	18.0991	19.5378	13.3469	12.0813	7.65894	17.8704	21.2457	20.883	23.4626	33.8816
A0A5F5PQQ6	NA	8.66007	NA	9.19531	5.83122	2.29194	3.88178	5.74909	NA	NA	NA	19.3433	2.14498	7.52021	5.53964	1.960694	NA	NA	NA	4.21641	NA	5.03738	NA	4.93108	16.2297	NA
A0A5F5PQS3	149.022	108.789	362.024	265.735	106.805	88.1011	234.096	232.073	304.145	419.799	110.086	119.302	193.531	90.2945	198.912	157.539	169.253	142.451	281.825	139.683	879.864	127.998	115.121	143.711	156.798	222.378
A0A5F5PSR8	16.6628	56.1935	130.338	64.3502	42.0437	16.6994	10.19525	20.765	22.7597	39.6815	94.5852	56.072	12.5384	43.22	25.404	9.10971	11.726	27.4044	20.0867	23.2648	153.994	9.77858	19.2561	35.2821	17.5115	39.6873
A0A5F5PSY1	2.96555	7.18919	19.8931	8.70076	NA	6.69907	NA	NA	NA	NA	NA	NA	10.44209	14.9725	NA	4.55758	3.06557	9.16339	NA	10.64567	NA	NA	7.87657	9.1298	NA	NA
A0A5F5PT94	1341.21	1470.98	1561.7	698.884	428.827	1795.82	958.385	1107.72	512.907	825.26	678.647	724.866	1191.07	1656.4	1173.69	1531.21	930.592	1626.31	408.334	1829.99	475.025	613.744	1731.92	1667.05	1421.54	816.409
A0A5F5PTP6	82.117	83.3934	82.613	56.3015	68.0005	28.4989	125.612	120.292	100.5488	81.7615	70.9295	94.1934	20.044	273.857	54.3074	33.6345	36.5546	116.892	134.874	62.1814	88.8353	101.144	51.7171	102.47	120.2	100.281
A0A5F5PU06	11381.4	8665.52	10219.3	4623.81	11131.2	8267.92	14886.7	10922.2	6163.96	5835.94	9444	6405.22	10721.8	9431.47	17668.4	8145.61	9118.48	11409.3	3775.71	6374.37	6673.65	8072.27	8964.91	9644.22	11535.4	9830.79
A0A5F5PUE2	156.069	130.329	132.574	85.1881	84.5054	163.46	65.4187	160.531	692.111	106.476	144.918	115.331	156.303	151.948	159.554	155.557	155.762	151.059	90.9163	191.409	94.3526	83.5161	136.124	169.305	142.546	112.512
A0A5F5PUU0	NA	41.9689	NA	NA	13.7005	17.2684	NA	3.64022	NA	NA	43.5961	NA	17.9719	86.5001	37.4754	13.0068	20.1084	19.2525	NA	18.1731	NA	6.27452	8.61522	14.6492	4.66523	NA
A0A5F5PW18	372.416	978.356	917.896	1093.81	570.85	253.363	815.456	495.669	559.209	1268.69	551.163	1092.36	376.749	850.748	884.122	379.652	291.835	683.151	439.593	519.793	1011.44	440.926	539.394	585.634	574.604	608.966
A0A5F5PWX5	5997.01	32620.9	8214.61	10871.2	18403	39507.9	28975.3	6468.41	8703.09	12877.1	11815.7	10103.4	29415.7	39113.5	48968.4	47331.7	29477.4	10399.4	7514.59	64607.6	13961.1	31655.5	7919.35	54679.6	7446.09	18353.1
A0A5F5PWY1	141.19	96.5165	141.463	NA	72.6288	56.9302	107.457	107.095	112.705	60.2107	93.5067	58.6354	78.7112	109.427	105.296	48.5544	93.2053	159.553	NA	85.8784	2970.63	109.362	134.905	68.3941	147.415	687.185
A0A5F5PXB8	10.03201	27.3785	7.92288	19.152	8.86192	17.1667	8.56993	9.41835	20.8823	17.3276	15.4319	27.2451	15.4051	16.5898	10.71781	18.546	13.8059	13.4746	10.68924	17.6076	12.0358	4.87676	8.27425	16.0089	14.9541	18.2983
A0A5F5PYS7	14023.5	71248.9	27159.9	63093	36150.4	8969.09	141900	9033.21	23238.6	13641	19924.1	167720	9429.31	61500.7	10875.1	7847.29	3828.94	7646.3	23661.4	2509.27	15677.6	5784.23	2952.87	7865.55	64018.9	14112.1
A0A5F5PZ33	212.418	117.614	213.616	62.079	51.4904	416.055	70.9235	179.781	130.907	121.372	107.268	93.7876	93.2238	164.274	112.236	172.867	85.1765	191.825	108.9	151.832	62.7885	54.1244	199.41	167.364	188.499	156.73
A0A5F5PZW1	NA	7.66604	NA	NA	65.8186	6.02197	NA	NA	NA	NA	NA	NA	30.8943	NA	NA	29.153	30.2198	NA	30.2305	6.8016	3.42579	NA	32.0612	37.4323	6.80789	73.7108
A0A5F5PZX4	21.3564	84.3033	36.9661	15.8391	105.675	31.0411	61.6462	18.585	NA	9.28713	181.998	567.482	36.2785	241.735	28.7797	15.7804	27.9291	29.7338	33.1971	54.1708	50.5913	93.2312	40.12	55.0022	140.427	39.197
A0A5F5Q0V8	48.5194	63.8176	313.968	50.4621	98.2652	47.5225	85.7958	50.271	103.94	64.2365	72.5067	76.1105	37.0358	91.495	68.4745	34.752	35.6479	85.6995	43.1126	52.6423	26.0059	20.518	34.5053	46.1909	55.8039	59.1614
A0A5F5Q1G3	27.1704	23.0976	398.121	12.5784	20.1043	24.1043	17.9138	27.624	8.76477	19.6737	NA	71.607	25.8262	31.2557	19.8043	26.2796	22.6814	31.6285	52.6885	22.7998	30.4806	24.9623	24.4004	25.8942	27.1082	30.3981
A0A5F5Q281	69.1779	15.2543	NA	14.4928	NA	37.9714	23.5778	25.0863	6.99263	11.0536	9.86498	8.14869	14.8875	28.9465	24.5536	11.0612	58.2545	41.5871	11.9146	18.1831	32.1625	17.9239	11.222	14.6389	27.7464	NA
A0A5F5Q2W2	17.1538	30.05	27.9596	33.9071	22.4494	9.86112	64.6364	15.8987	29.1437	32.3985	61.1799	88.0555	5.51408	58.9315	11.5934	7.85071	8.72072	23.62	37.1874	11.233	19.7005	15.0964	8.91752	9.44907	95.5636	27.8035
A0A5F5Q4D2	266.987	198.893	316.743	67.957	159.114	132.975	273.591	212.436	240.536	224.614	115.393	142.537	167.048	113.13	181.981	159.223	164.971	233.325	150.916	171.083	137.883	130.985	175.675	160.328	132.464	222.891
F6PH38	17991.2	7462.35	11818.4	5008.74	7370.82	7690.84	8251.31	17606.6	6158.92	7341.48	5001.77	3383.51	13192.2	11687.2	7750.38	15127.8	14062.3	16544.6	4311.92	14741.8	7945.71	8942.17	25108.5	14130.3	8863.31	7809.84
F6PI70	128.028	73.4491	105.472	57.0896	122.389	81.8391	81.3937	43.6203	90.3478	26.1754	98.2931	69.993	66.1527	72.0109	NA	71.871	17.9413	98.6183	49.1347	59.6874	30.2766	8.58824	82.8956	96.476	289.023	93.2429
F6PJ16	14.0609	3.08865	NA	22.0341	15.3495	NA	NA	9.45389	46.4566	NA	13.1547	8.11395	12.4149	19.1895	11.3304	9.23	13.4449	14.6914	13.4719	12.1583	19.2233	9.40074	5.42476	11.7588	8.15272	30.9122
F6PJC0	31.8543	54.2778	54.5208	23.6497	39.0221	12.2315	120.154	103.444	27.8622	25.3981	34.2803	29.6911	19.8749	83.9222	37.9522	13.8752	26.8517	55.0146	21.5776	21.7202	30.3766	66.7652	34.3776	43.7928	71.0054	40.1705
F6PN89	1712.38	1716.54	2991.15	1385.11	2054.63	685.948	3409.05	2333.95	1539.02	888.906	1017.93	3401.17	567.866	2142.97	2018.69	959.235	638.804	1677.76	1522.04	856.127	1769.61	1245.61	588.315	954.893	1747.08	1439.5
F6PPF8	164.854	NA	NA	7.40737	19.1022	NA	16.1378	NA	68.1281	NA	7.61636	NA	15.3723	NA	NA	8.27438	NA	114.019	NA	12.927	NA	16.4375	NA	19.1302	NA	NA
F6PPQ0	20.6403	NA	NA	18.2112	76.9818	14.5178	NA	87.6658	219.833	16.6422	212.801	62.8271	8.96273	NA	13.8924	24.8317	NA	29.0302	NA	9.99544	167.122	9.74546	5.76429	2.02458	45.1512	NA
F6PQ46	745.79	1268.89	1492	1042.19	707.106	763.548	801.015	751.103	434.2	1022.42	815.05	885.364	605.995	1155.01	765.032	675.289	728.096	966.504	796.543	957.438	598.017	462.518	395.954	768.121	855.63	486.994
F6PUW3	1104.05	1101.21	857.726	1724.74	2115.65	953.913	3530.14	1023.18	554.306	2226.09	NA	1597.49	760.438	2350.42	2584.67	908.743	894.522	1076.24	248.899	1082.04	1098.37	465.695	980.901	1054.6	2117.92	1334.84
F6PVG3	968.365	642.393	854.648	166.761	695.994	414.277	1141.06	739.443	825.96	230.35	1105.29	756.465	516.386	894.824	1297.29	495.483	478.66	442.208	880.042	168.57	948.961	593.484	559.658	522.639	1027.86	1310.6
F6Q1M4	155.366	1484.97	714.318	451.21	900.578	244.049	2338.12	336.605	521.688	91.2635	306.502	1961.22	115.94	566.118	428.238	40.7996	17.9474	208.269	141.309	31.3301	146.464	32.3444	36.2444	176.511	461.244	397.507
F6Q666	230.558	164.347	231.532	14.5118	247.603	291.679	391.099	321.3	183.674	168.286	NA	6.26915	233.331	71.6322	454.569	93.5207	37.1272	346.23	NA	196.678	250.274	132.378	91.6538	235.894	350.215	78.7022
F6Q8R0	196.341	121.199	253.783	396.802	254.189	73.9386	803.84	112.087	NA	271.494	203.681	519.188	131.112	211.464	224.55	113.892	36.9474	246.774	NA	137.285	66.5985	247.961	111.108	90.826	201.502	425.079
F6QFD9	19.5787	28.5355	24.0422	31.2578	16.8795	15.9315	38.6343	25.6565	NA	33.3895	16.9675	20.0112	24.0965	32.5453	15.8599	18.2767	12.4111	19.8014	9.5619	14.9144	34.6044	13.4157	17.6935	20.1835	13.9467	25.0299
F6QP45	34.4954	132.352	38.6535	27.5258	145.595	37.4491	101.711	16.2164	110.015	151.81	173.889	NA	65.5103	46.9922	70.4102	63.7001	42.0931	81.4199	43.8675	17.3679	209.001	48.3733	23.0578	14.4002	202.336	52.8255
F6QX36	388.44	723.687	462.21	526.631	203.619	837.09	413.241	433.936	268.379	585.902	322.015	301.171	611.107	503.299	457.495	483.952	535.28	579.897	367.839	610.711	404.973	263.027	302.612	538.17	404.147	252.753
F6QYS3	13.3636	NA	17.599	8.75212	NA	19.2664	NA	NA	1.764475	20.7841	4.13341	NA	23.439	13.4171	34.8153	20.3783	31.0839	12.7436	26.7578	13.2403	4.5553	17.0374	13.2662	18.1155	12.2433	NA
F6RA08	12.0754	4.34229	50.3594	26.0529	5.92594	9.7677	NA	18.289	34.8765	21.2962	5.51349	33.757	NA	13.1991	4.51883	2.85028	NA	16.9778	34.5616	3.77744	2.86266	NA	3.48416	7.16328	15.4446	10.9388
F6REX3	252.821	1811.78	355.575	305.214	202.132	342.914	342.269	141.912	356.66	334.711	429.899	375.134	103.31	1406.29	99.5379	1010.39	46.5309	390.819	327.127	1170.42	306.794	332.372	106.928	1425.24	70.5242	2245.54
F6RGT4	5.33257	4.80076	8.26916	4.30685	NA	1.993355	4.41079	4.77499	2.31732	NA	5.63568	NA	2.78772	NA	8.39619	4.3796	3.08422	4.48788	1.615917	2.7174	1.439611	1.806933	4.00708	5.75493	NA	7.12402
F6RLI1	263.635	123.179	173.046	118.759	76.0419	108.857	141.378	239.164	223.973	207.868	78.6714	15.176	190.416	72.038	145.855	202.63	195.175	208.428	182.634	228.252	295.793	139.764	230.308	188.264	159.558	244.335
F6RM73	766.898	1813.58	3138.27	4443.66	1735.95	463.803	822.999	1593.69	4524.94	3923.98	2672	2339.94	322.775	1940.36	744.228	375.807	274.28	1636.54	4242.72	529.659	2718.71	1309.9	1064.88	1058.59	1180.85	1901.54
F6RMK1	NA	NA	NA	NA	NA	NA	NA	NA	NA	NA	2440.82	NA	NA	NA	NA	NA	NA	NA	NA	NA	269.836	NA	NA	NA	NA	NA
F6RTI8	80.3239	16.7527	24.8555	27.7314	9.3325	48.8984	40.5515	55.4097	28.6923	3.24168	52.9375	8.08386	32.8691	76.3591	39.1724	24.8471	82.7413	70.4087	38.5782	36.5663	292.33	20.691	24.6112	43.5636	42.6453	23.3425
F6RVW8	50.8216	10.70848	84.7405	12.6273	NA	NA	NA	5.34442	NA	NA	13.556	6.072	4.36213	2.94938	6.9647	10.35906	6.64763	15.7369	7.65803	7.9634	18.6861	10.4128	11.8612	12.6341	44.9655	NA
F6SHJ8	1192.24	2520.6	2729.43	3665.68	3454.02	1311.96	8633.64	498.669	2520.09	1162.11	2328.5	33226.9	761.655	7608.4	1085.05	1930.34	582.73	623.171	2668.06	414.171	1782.66	814.396	407.191	450.793	44743.5	1822.56
F6SP74	1087.41	4276.09	3681.88	1833.42	1207.36	1895.95	2941.5	5361.23	2641.36	2680.03	2355.01	3194.53	814.563	6138.61	1934.27	1049.98	738.888	2237.27	1148.43	2352.7	2011.59	3966.53	1544.04	3491.11	2826.76	1401.31
F6TCI4	33.5121	57.3853	75.4786	34.978	69.8844	33.5585	82.9702	25.3843	NA	31.9763	NA	124.142	NA	81.0992	42.1881	16.1672	18.381	36.197	NA	17.5421	NA	23.7862	8.02084	NA	117.052	NA
F6TCR6	NA	NA	21.8811	NA	NA	5.66482	NA	11.8943	NA	9.96837	NA	NA	NA	15.6317	NA	NA	NA	NA	NA	NA	NA	6.50295	2.69224	NA	18.9556	4.95395
F6TMF6	30.1509	23.2118	NA	34.1157	17.2947	10.22492	42.8602	23.6932	NA	12.6256	39.5106	13.1485	11.8657	37.5318	33.6213	15.4406	6.59267	24.2991	25.4532	16.9424	18.8332	33.8117	15.1338	22.5361	38.6333	13.3946
F6U187	9.67956	18.8417	27.2435	15.5326	21.5165	5.72666	38.2827	9.80943	18.9294	69.3445	79.8495	26.4492	4.0909	20.7431	16.7537	9.30948	15.0049	16.1941	49.7165	17.6111	13.6837	20.3932	3.68117	5.04818	6.91051	29.5704
F6UEG9	18.2121	11.6166	21.2312	18.2077	22.5486	5.77796	24.0728	8.65239	29.2499	6.01267	53.1452	9.0828	6.43861	26.4895	NA	5.19726	NA	12.3537	12.4544	11.2201	38.8151	14.7766	13.9494	16.3973	30.0927	23.5771
F6UL68	8.93497	NA	49.9398	6.16386	12.594	3.87524	NA	NA	NA	NA	NA	NA	2.39669	NA	9.32994	7.02952	4.09621	4.51832	NA	7.20044	8.1015	1.21977	4.06547	8.27797	4.02669	NA
F6ULM3	2328.45	4342.57	5010.9	3783.81	2775.78	1352.33	4762.07	2022.74	5181.91	4013.42	4525.21	4671.85	778.154	2676.91	1710.01	710.628	713.09	1539.95	3157.58	679.026	1717.89	728.184	581.774	839.405	1393.16	1797.27
F6V3C6	9.40725	NA	NA	100.5914	8.81976	NA	NA	12.1554	60.0932	NA	309.863	49.3511	4.78682	61.9144	NA	27.1828	73.0785	NA	NA	8.62523	152.012	81.1554	8.19226	86.0359	15.7912	218.448
F6V881	114.211	81.9545	165.25	175.964	152.842	21.1494	109.263	76.6591	165.271	215.202	202.562	171.17	24.1394	98.3936	88.0565	27.8896	30.7119	67.2809	117.7	26.9137	76.7206	100.316	45.9641	55.6597	72.5815	NA
F6VB94	205.369	100.8783	186.551	164.703	116.354	122.421	158.001	166.282	187.752	145.066	392.501	65.799	81.208	254.273	116.778	128.617	133.081	208.679	144.849	156.49	139.056	106.476	116.333	175.621	124.793	76.6025
F6VBP9	108.812	390.038	676.815	194.224	622.22	80.522	511.404	208.913	534.122	405.336	454.865	404.686	165.378	444.976	255.779	48.8912	112.86	220.955	501.312	95.5147	609.095	500.778	115.735	132.735	257.219	400.062
F6VEA3	794.387	223.132	414.091	336.72	527.223	565.099	515.494	498.295	120.35	257.075	368.834	17.9939	NA	273.459	1229.53	187.355	741.374	858.254	100.0348	169.15	417.915	1002.25	631.065	285.905	1505.65	1094.64
F6VJG5	77.8887	101.447	196.704	85.5775	177.737	59.3295	211.42	142.195	122.639	74.4684	147.501	248.173	18.4354	237.114	6.78469	37.3076	40.1873	126.241	85.6956	43.0898	13.7503	40.9868	28.4441	40.2677	68.7491	58.4397
F6VJR6	9.51489	19.9372	271.053	22.0089	19.598	8.2074	3.8279	5.73712	14.5456	27.2642	13.2704	19.2348	7.72925	15.0226	18.2562	7.19187	16.1576	11.0434	15.9139	9.20108	17.4334	5.29995	4.63011	11.9176	15.1788	6.14278
F6VJX8	133.634	194.894	199.119	164.797	305.794	217.708	540.614	374.795	215.089	125.902	233.528	195.158	289.529	261.752	405.569	96.8463	216.591	195.689	152.997	150.496	218.655	178.606	119.395	248.535	166.715	290.094
F6VKF1	30.2248	120.639	650.008	81.3775	97.4427	47.6106	77.8145	27.0759	54.0567	223.656	43.7022	NA	68.0706	223.128	102.663	72.5861	82.8241	83.4375	131.867	120.005	38.2	53.9316	18.8721	84.1715	70.5145	NA
F6VMD0	8.03363	35.6478	24.8482	42.206	28.8963	8.87651	100.255	8.25517	7.80299	42.0613	19.8706	541.48	7.34055	110.147	11.3918	29.5063	6.17206	8.24866	20.4083	2.46661	NA	37.9632	4.98056	5.87989	206.154	21.2092
F6VSN9	7.83204	13.3277	22.938	NA	32.1857	14.1856	NA	12.2999	NA	3.27874	NA	NA	NA	NA	NA	11.9014	4.4636	NA	NA	7.76827	NA	13.2233	5.30414	NA	8.57303	NA
F6VTD3	65.9739	27.7993	76.3438	33.0128	86.5135	46.1671	115.524	114.575	48.2244	47.0607	62.9172	19.0053	169.779	123.66	121.771	50.1774	74.9619	77.6943	73.8033	51.5941	30.7292	94.7524	30.2935	76.4999	134.854	36.5992
F6W2I4	14.6689	7.46808	17.868	20.5197	12.646	8.27722	42.0572	NA	NA	NA	NA	72.8759	7.48367	31.5778	NA	11.6465	3.25171	NA	NA	2.66572	8.57785	NA	NA	3.3961	63.6345	11.024
F6W2K5	70.0017	58.2165	58.3078	32.3796	5.57529	160.968	32.0429	60.0309	49.1786	27.1113	56.3309	49.0649	26.7841	79.683	37.1583	67.8072	18.1545	75.1788	21.7353	81.8107	68.4488	27.5313	174.345	106.372	75.4361	83.4839
F6W4R2	2.12193	4.32632	NA	9.76657	NA	6.40964	NA	NA	NA	11.6285	NA	NA	7.04213	3.83995	NA	3.93314	3.03814	NA	9.24922	6.87307	24.4465	6.12235	2.36342	3.27517	2.18203	NA
F6WDW3	7073.29	16874.3	11653.7	49463.7	15980.7	4003.33	47110.8	3322.81	13205.4	4917.79	8959.47	198266	3896.96	34177.1	4487.75	7939.35	2023.26	3753.72	12225.7	1514	8781.9	3413.07	2164.11	2167.02	144932	7866.98
F6WGX6	735.6	2680.03	1387.7	2491.53	2019.05	591.859	8103.67	582.544	924.009	551.813	1098.24	10322.7	551.662	5974.7	708.663	406.775	202.564	593.651	980.193	147.874	515.164	268.16	140.649	473.806	4286.78	776.939
F6WL01	NA	7.86468	NA	2.58659	NA	NA	NA	NA	NA	NA	NA	9.93353	NA	29.8353	19.4194	2.77566	NA	NA	NA	NA	NA	NA	3.17574	NA	29.2572	NA
F6WRS9	95.219	60.7224	NA	66.9309	36.2587	38.6657	345.893	37.788	156.943	117.369	227.059	65.282	NA	353.049	132.176	17.926	48.3868	224.649	80.8941	15.374	154.85	11.92	24.1695	17.0356	50.179	35.203
F6WX78	4.56435	NA	11.9951	NA	NA	5.02524	24.8075	2.91179	NA	2.06032	1.256954	14.64	14.7126	3.41393	NA	NA	3.01725	23.1624	1.961623	2.29304	NA	NA	2.41573	15.2912	41.448	NA
F6WZA8	30.6612	52.1625	60.4809	26.5564	NA	32.1714	45.9515	39.2247	30.9592	47.7586	70.0754	NA	23.0615	51.2437	30.7879	24.6103	29.2636	28.6538	NA	31.7399	29.2544	20.0378	19.6374	38.4257	32.3174	38.4744
F6X1I8	5.79938	7.30382	54.2238	NA	NA	11.0741	27.2841	NA	NA	10.14934	NA	NA	22.7744	22.9555	16.9433	10.27566	27.1974	8.68328	5.767	8.01455	3.33309	5.86973	7.8948	6.23143	9.21608	NA
F6X200	807.391	2077.82	1975.82	2303.57	1980.31	658.397	2450.5	1464.5	4398.16	2665.86	4613.35	4297.3	741.316	2423.04	1559.12	745.609	442.079	1101.6	2964.41	699.092	1953.59	929.175	477.848	845.607	192.235	3494.97
F6X485	72.705	49.1186	155.223	79.078	52.6565	33.3564	99.3487	46.5587	55.9683	60.098	67.9963	56.8699	37.4777	49.4518	60.0776	15.5526	15.6633	31.6504	31.2238	31.5404	NA	22.2149	26.9194	28.7125	68.1112	34.1527
F6X9C4	NA	163.523	NA	11.3308	16.8077	NA	NA	NA	NA	8.278	NA	29.3562	4.86094	NA	NA	9.14063	31.1882	140.328	NA	50.7897	NA	NA	20.3685	20.0473	NA	NA
F6XH19	7.94309	3.13177	13.1372	3.54006	NA	4.20506	6.96468	1.730033	NA	1.319566	NA	NA	3.42103	NA	1.577634	5.1652	3.36039	3.42943	8.20743	1.882948	2.20887	4.28081	3.28437	5.74954	5.39779	4.67633
F6XIH6	140.571	66.71	103.51	73.6182	126.241	50.3064	65.108	86.6572	192.242	110.566	117.386	51.525	59.3918	74.4594	185.962	53.9309	48.1392	119.448	178.836	67.6587	66.493	103.324	56.7921	76.3648	98.6576	114.765
F6XJD0	49.8456	NA	265.711	133.929	NA	25.0438	239.73	275.656	29.5722	233.137	32.2872	NA	13.8582	NA	25.551	159.258	9.22376	225.024	199.855	48.8846	275.813	135.653	54.0909	11.3592	51.8335	288.711
F6XM13	12.0835	NA	NA	NA	NA	NA	NA	5.3451	7.57959	2.44907	1.486184	9.82191	NA	17.7191	6.19641	5.38828	3.05523	10.37815	NA	4.55058	10.74623	16.69	5.53217	7.29111	NA	NA
F6XSF7	296.523	244.83	294.652	364.95	131.867	400.115	260.88	310.94	217.547	571.385	358.2	295.707	187.392	215.337	190.389	459.048	255.546	275.523	357.243	181.591	164.025	182.111	213.126	249.403	218.217	172.767
F6XWM5	116.45	492.813	1032.12	436.174	255.821	158.711	174.541	174.561	363.806	639.76	373.367	331.228	263.191	388.717	239.81	274.706	375.88	226.624	228.352	249.084	440.453	178.757	206.144	198.404	187.57	310.179
F6Y0C1	NA	NA	NA	1194.79	NA	51.3726	1986.78	NA	NA	NA	NA	NA	NA	921.858	NA	NA	NA	NA	2386.6	435.224	NA	NA	NA	NA	NA	194.557
F6Y5R3	NA	NA	8.43984	50.0147	NA	18.4536	NA	5.78483	NA	NA	NA	NA	21.1561	3.74518	5.75043	15.2345	16.8947	NA	12.3254	10.77561	NA	NA	9.21498	26.7868	NA	NA
F6YCN2	65.8103	NA	104.214	402.52	479.31	180.051	82.3007	45.136	NA	NA	12.7074	NA	NA	NA	78.3272	NA	33.6398	187.828	655.306	NA	NA	25.6343	16.4707	202.351	NA	12.2442
F6YF28	6963.11	4122.63	5032.33	2407.47	5404.63	3724.23	6903.31	4128.31	4069.22	2520.53	3370.08	2515.57	5467.88	4443.29	9285.65	3904.82	4181.81	5005.4	2288.75	2412.5	2095.13	3405.91	4463.06	3962.28	3454.97	6463.23
F6YG82	3.32344	NA	NA	NA	NA	4.91859	1.989107	NA	NA	NA	NA	7.26639	2.08213	NA	3.02721	NA	2.88561	NA	NA	NA	NA	3.85524	2.60748	3.13213	NA	4.58603
F6YR34	NA	NA	146.546	NA	NA	21.698	28.9866	162.687	185.8	116.134	321.591	NA	54.7404	139.382	NA	8.51583	9.49707	NA	386.966	49.0528	322.527	189.116	75.3009	102.488	22.8839	291.856
F6YWC0	2321.12	337.903	1242.65	929.311	1572.73	1248.98	1765.77	2899.05	1156.86	684.852	1903.52	780.785	938.418	1603.92	1744.73	764.38	1428.01	2429.84	660.07	993.887	766.554	2353.3	1252.34	1083.38	3056.91	351.193
F6YYB1	1.731232	3.33092	NA	NA	NA	NA	NA	NA	NA	NA	NA	12.8166	NA	6.41939	NA	2.54582	NA	NA	NA	NA	NA	NA	NA	NA	23.5982	NA
F6Z006	171.071	117.185	333.13	141.668	128.848	147.644	169.096	151.094	139.733	115.22	139.255	49.5888	102.292	NA	145.115	77.5701	88.6186	135.895	107.637	92.2459	NA	61.6824	82.4342	54.8976	134.951	82.324
F6Z041	33.1197	50.2955	125.307	57.044	43.622	42.0395	29.6623	28.7817	16.7095	53.5425	21.8701	14.7646	61.7433	28.1261	38.516	27.7475	35.8467	64.539	19.6732	45.0849	13.3302	27.763	17.2086	37.6822	32.8145	19.0982
F6Z058	7685.59	7226.98	12168.2	12680	4004.93	4248.14	12389.1	5290.77	2859.02	6368.99	18710.8	1068.88	3715.26	9110.73	6338.68	5603.5	2988.35	6080.89	6293.89	4899.55	5144.78	4335.25	5308.18	4696.77	7881.39	5215.06
F6Z2L5	2735.48	11366	15480.7	16756.5	6389.25	3049.79	7802.85	6662.22	9802.18	21576.1	14245.4	20010.8	1645.05	10550.3	5310.81	2660.49	1494.43	9956.23	16462	4549.16	12003.7	10884.9	4342.9	4511.9	8178.56	6320.37
F6Z3X5	NA	NA	NA	NA	5.96757	4.89235	NA	NA	NA	NA	NA	NA	NA	NA	25.9302	3.40612	9.04187	NA	NA	NA	NA	NA	18.9368	2.48587	NA	5.95124
F6Z5L1	508.073	495.25	443.167	209.192	522.665	659.85	682.122	546.7	225.012	194.638	245.76	185.327	873.634	706.932	813.728	608.251	849.491	536.341	249.125	604.005	272.354	707.531	573.563	708.231	585.936	385.118
F6Z688	108.497	72.221	71.215	170.195	87.3474	99.4534	279.572	59.9848	755.879	88.9855	245.914	353.143	38.5379	218.224	62.4905	60.864	51.2222	143.794	80.7995	55.2503	NA	54.8259	47.4265	69.9176	351.929	98.7568
F6Z8V2	63.2812	116.757	NA	84.3668	NA	13.8864	126.243	95.5342	NA	61.7099	35.0073	22.6286	NA	239.91	180.664	276.739	35.4976	23.3095	14.6024	81.0126	77.8087	69.339	40.4192	44.4863	NA	108.923
F6ZBD7	1483.39	452.77	906.796	548.996	1068.03	2235.45	1239.3	4245.39	NA	NA	1592.56	1344.13	764.258	1186.99	1280.2	489.656	853.944	1559.26	1029.61	716.378	NA	626.198	1145.95	688.445	1824.64	1327.4
F6ZI35	631.876	1086.08	1192.12	491.581	410.959	741.096	557.482	492.703	411.821	695.469	486.799	573.75	679.305	802.287	904.957	810.715	1004.99	1049.45	1263.31	1161.23	547.834	743.646	604.377	1408.66	708.609	329.522
F6ZIA3	71.8353	171.789	187.102	135.458	47.6559	NA	NA	26.5442	66.4384	185.913	193.914	159.617	19.8245	77.3906	42.7358	31.2146	28.6133	60.2104	87.9383	21.9793	114.887	30.1876	15.0102	4.3176	NA	70.4043
F6ZLR1	42.8654	30.048	55.7979	34.8526	17.9317	24.4816	NA	33.928	42.6621	50.3992	27.8889	41.0257	36.4805	27.6824	25.5189	39.1749	28.5569	38.7705	28.2721	41.4963	NA	11.4698	33.4088	37.9349	32.624	39.9144
F6ZQ77	134.336	559.975	198.573	206.402	246.883	660.029	1089.83	410.989	167.185	377.954	309.315	99.275	622.513	679.507	875.277	451.136	390.873	333.998	55.6784	697.097	125.34	1041.16	421.663	878.075	371.382	124.883
F6ZRH8	23.419	47.8528	22.019	30.2468	14.5771	45.5386	34.596	31.1538	NA	41.7686	12.3559	21.3962	33.6064	54.5123	72.8866	47.1025	52.2314	34.9739	297.666	133.292	21.097	75.7041	14.3217	100.6931	18.825	7.26359
F6ZSB4	12.2137	35.4421	NA	NA	NA	6.56448	1.341717	11.3619	NA	NA	NA	62.9041	6.1843	35.0364	27.266	30.1662	NA	66.9196	NA	NA	NA	10.19407	22.6263	39.5954	NA	NA
F6ZSZ5	1134.69	547.012	984.624	455.485	931.452	712.652	1665.13	1213.78	356.073	574.082	669.207	708.876	1034.3	1226.08	842.751	739.626	775.194	1392.88	354.065	905.155	390.772	684.391	936.278	1233.87	1338.4	308.259
F7A1W7	60.1064	43.503	107.315	234.569	95.219	11.7071	98.9409	192.886	144.707	71.6283	154.337	45.9296	17.6699	145.166	21.5026	27.9383	43.1869	139.601	141.376	39.1732	140.33	35.9215	109.043	82.7192	86.2131	102.485
F7A370	40.7021	10.20763	86.917	66.4229	89.9976	NA	15.5945	14.7714	NA	NA	201.072	14.7906	NA	NA	79.9489	17.3345	2.86589	37.2848	NA	18.5035	NA	30.8681	2.98449	2.79618	NA	17.6684
F7A692	1111.19	1278.32	1238.45	1734.14	1130.7	1484.72	1190.96	929.999	1349.64	1885.5	2014.14	1653.32	1358.84	940.217	1271.84	673.669	1327.74	1159.99	1210.7	907.893	1130.82	1459.94	954.536	1130.29	929.505	814.438
F7AE68	81.3667	93.8584	211.11	103.4	123.643	68.3865	211.275	161.562	334.946	179.007	602.522	152.541	107.703	230.161	91.0678	92.9079	70.8439	107.726	194.969	86.2509	211.592	108.791	94.2078	62.9379	114.73	99.012
F7AFC8	135.603	NA	337.127	NA	323.265	17.332	133.607	51.8196	106.504	149.269	NA	95.244	24.927	NA	NA	23.4019	NA	217.031	155.934	50.5225	20.7206	154.28	3.53422	24.406	55.2475	83.0784
F7AGT7	1346.75	1655.23	1153.55	673.272	1812.61	861.228	2244.6	1612.11	2277.59	796.153	1560.91	873.655	1458.01	1011.7	1769.28	494.553	1054.54	1366.8	766.454	499.569	1454.35	1656.43	1087.29	1230.9	606.172	2175.46
F7AGY4	156.289	386.899	186.691	545.004	473.614	118.36	1528.89	49.329	219.974	91.7665	150.884	945.633	105.348	898.025	53.6231	104.962	52.8947	85.1548	193.411	16.8594	236.614	58.7815	60.1087	69.9124	2132.87	74.9123
F7ANR3	20.5699	23.5087	23.9501	46.7845	14.2973	15.8903	44.8691	22.7148	427.342	31.8193	23.1728	34.4786	32.4435	27.4771	31.4849	11.6586	48.4163	27.836	8.52876	11.7169	NA	117.167	14.51	14.0609	145.729	16.4335
F7APU2	32.603	23.4342	15.875	20.5012	35.7066	23.9051	34.8147	21.5885	NA	31.4273	NA	104.548	37.3443	36.6465	30.2761	20.7428	38.0385	29.2234	10.05379	20.4956	40.4648	42.549	16.7007	23.8071	21.5415	NA
F7ASK6	14.6776	14.5001	155.315	28.995	NA	23.6505	60.3609	94.1526	35.3847	50.3551	NA	61.2671	23.6794	NA	59.7099	27.2058	21.0887	63.0364	NA	41.0291	22.9881	77.526	34.1621	29.2716	96.2497	29.4906
F7AWQ9	NA	NA	NA	NA	NA	4.76237	NA	NA	NA	NA	NA	NA	3.82664	NA	NA	2.61426	4.13715	NA	NA	NA	NA	NA	2.99401	NA	NA	NA
F7B435	12.8606	20.1628	29.2014	57.1539	37.5041	9.04535	17.6758	23.3902	22.5608	12.9234	NA	50.5248	5.5952	32.7774	14.2382	10.93497	8.2607	9.6934	19.8345	10.80743	5.7701	6.90062	6.90292	10.1962	143.445	14.6891
F7BFJ1	44.48	120.162	77.4194	100.4823	48.8957	92.3462	38.2792	61.2436	102.008	119.606	125.099	96.9425	86.1597	139.747	89.0857	66.9253	71.2534	93.1883	64.943	98.4041	105.65	54.336	54.2027	103.938	48.2915	91.8562
F7BH02	431.619	1595.55	1821.61	1766.08	1586.02	499.939	2689.71	1462.61	3168.94	1991.84	4071.36	4057.89	502.376	3090.79	1241.8	418.253	457.043	1171.95	3191.96	589.446	1757.27	844.349	300.27	562.607	816.942	1632.39
F7BKE1	4529.06	2765.06	2391.02	1872.9	3241.22	763.347	1186.59	790.147	1267.73	3533.65	5756.57	4272.81	132.092	4660.1	860.81	649.675	427.06	1705.45	3817.68	957.884	5046.64	1058.62	572.879	1070.35	935.355	2296.68
F7BM31	24.6529	29.2954	39.0241	36.0015	16.572	23.2267	25.8919	25.8645	22.1458	53.6002	NA	20.7441	21.7901	48.0552	15.3025	28.3509	23.0798	26.373	26.0728	35.3646	38.8032	15.6232	26.3999	35.8419	25.0385	17.1943
F7BPT4	9.56596	3.14277	NA	NA	NA	7.26971	NA	6.18851	NA	NA	NA	NA	NA	NA	NA	NA	4.76952	NA	NA	6.08969	NA	NA	NA	2.50282	10.63391	2.33972
F7BQD6	15.91	29.1332	32.356	16.3492	12.8845	27.7367	31.8031	25.9381	7.21258	31.8442	18.7587	NA	26.4373	27.7105	13.9941	33.4408	30.6616	22.9722	20.5437	26.3929	13.7417	14.8882	26.7712	26.7775	17.9688	71.2717
F7BRA4	97.9223	128.731	168.35	81.0154	120.233	115.053	303.778	85.3139	109.942	93.9816	54.0894	217.526	134.425	178.714	99.2087	50.4659	41.0859	110.213	41.1471	35.6068	20.8014	39.956	33.5266	76.9253	268.557	35.6583
F7BTK9	111.033	131.646	65.1789	285.114	46.0351	66.8312	403.242	57.1187	153.776	33.9202	202.916	555.139	67.6517	148.89	111.779	52.9702	108.408	133.908	152.518	31.2458	41.3334	20.2282	103.144	84.4558	193.964	72.893
F7BTW7	223.075	334.882	222.184	220.769	153.029	241.99	271.817	188.664	140.875	425.139	180.994	151.68	376.858	283.349	290.944	280.931	269.663	220.637	220.209	196.742	158.456	194.375	265.574	267.114	133.884	160.488
F7BUV8	968.662	499.709	771.294	373.945	234.723	573.42	1212.82	1264.97	615.072	665.16	433.683	317.06	456.082	775.807	676.539	587.368	751.487	733.919	735.523	963.265	291.854	475.737	550.313	843.489	551.17	925.104
F7C0D2	21.5218	8.40548	29.4179	15.2702	15.7908	3.69459	NA	NA	15.9614	NA	12.9055	NA	6.57424	NA	NA	4.47792	NA	NA	16.1788	NA	5.96749	4.16521	14.4809	NA	NA	NA
F7C1Y3	99.3537	112.248	124.264	152.766	90.4791	43.1815	206.255	97.2691	213.972	127.083	349.298	278.843	67.4078	121.051	99.5718	15.4928	32.6146	124.944	217.794	32.6994	160.964	87.7583	16.374	35.0939	124.226	154.235
F7C3F9	44.8249	77.6885	249.535	133.467	91.7134	100.4197	42.8669	52.5416	131.22	34.9457	93.3164	55.5622	70.4581	22.4581	76.1715	47.9073	82.0475	82.0838	314.989	96.0788	137.403	161.126	47.5834	106.612	135.194	107.773
F7C6S0	26.9187	23.5327	35.0543	28.8836	28.748	30.9532	47.9572	24.9535	44.5196	22.9115	20.5947	16.0655	57.819	42.8104	24.4826	33.8592	36.754	23.0362	40.5473	40.5279	54.9684	36.0017	25.2927	53.4551	35.8535	47.3152
F7C7J6	132.207	210.95	240.785	100.5084	457.568	360.029	237.956	149.583	98.1644	165.719	216.958	3101.6	90.9823	301.714	164.298	469.171	368.932	502.467	227.526	434.787	275.844	171.655	107.268	289.506	366.971	388.61
F7C7X4	NA	NA	NA	NA	3.96649	1.493445	NA	6.25983	NA	NA	NA	NA	NA	NA	NA	NA	NA	NA	4.1631	5.36166	NA	6.0516	5.18741	4.74296	NA	NA
F7CAC5	5.03872	NA	48.1715	29.5694	13.873	100.0023	13.0984	43.9513	17.2479	29.18	21.1712	NA	31.5634	NA	40.7551	NA	39.5582	30.7484	9.5211	NA	42.3132	75.3351	67.6745	NA	78.037	NA
F7CGV8	88.781	127.796	226.169	63.1859	65.7225	28.4426	198.314	183.246	122.987	101.274	76.4188	127.372	27.7255	311.979	71.0758	26.9062	39.2027	129.89	164.136	56.9058	149.984	167.806	76.1428	127.661	158.644	130.418
F7CHU9	30.6424	16.7493	19.9412	34.5386	16.3233	15.6318	33.011	33.7938	12.1828	98.0947	12.8503	NA	16.4861	19.6021	12.1215	15.9102	26.6603	13.0444	11.7404	23.1821	16.0361	9.40219	11.338	28.1855	19.7446	15.3618
F7CI62	15.031	36.7806	23.5751	31.0789	69.6004	13.1586	14.5899	18.6843	31.3541	25.6867	66.7683	13.5077	12.1006	94.3525	12.0975	90.794	28.8881	20.5673	40.3096	52.4008	87.6074	35.5061	7.67494	58.4275	28.2254	88.6172
F7CKI7	NA	NA	NA	NA	NA	6.92592	NA	9.74699	NA	NA	NA	NA	11.4137	NA	NA	13.4133	15.54	10.38563	NA	8.3304	NA	59.6486	5.77545	8.94687	NA	NA
F7CP79	NA	NA	NA	NA	NA	NA	NA	NA	NA	NA	NA	NA	18.5988	NA	NA	16.1774	16.9857	NA	NA	31.2642	NA	NA	31.2586	24.33	NA	NA
F7CYR1	193.601	339.145	471.498	226.753	107.766	283.976	177.829	118.679	190.8	234.629	116	181.265	170.835	226.505	173.599	216.09	170.713	183.393	106.762	223.976	130.527	73.5993	151.323	159.316	93.0795	99.4652
F7CZW9	293.368	369.925	447.578	450.877	162.968	412.661	200.888	349.25	332.496	646.011	400.501	354.279	323.356	200.415	234.41	338.744	319.054	368.512	459.377	278.663	436.561	131.324	262.412	305.195	273.759	168.844
F7DAF6	267.615	396.971	277.962	228.862	116.068	373.005	181.031	243.327	133.085	283.651	189.541	176.871	294.237	261.473	237.638	288.585	313.894	279.898	212.001	313.775	239.591	131.564	203.36	302.788	196.271	205.563
F7DBG6	9.81318	NA	3.05733	16.3454	NA	69.8439	NA	3.87828	NA	14.2542	NA	NA	NA	NA	NA	3.44143	NA	4.43202	7.97885	3.44057	NA	NA	6.86759	NA	NA	NA
F7DF55	1001.98	1336.86	1516.87	1933.48	474.64	770.954	4805.25	504.433	1416.22	544.136	1035.15	5746.17	560.375	1963.65	557.741	1191.35	384.765	627.316	1549.54	390.629	575.208	503.108	517.233	488.022	17093.5	689.645
F7DPF3	52.0894	81.7999	47.0226	67.1824	93.5321	41.3866	68.6793	69.1684	104.993	90.1746	55.5077	27.1467	17.9629	72.9048	37.6609	56.4805	76.4789	66.1811	73.9967	80.6925	129.893	41.7838	95.5126	82.5435	37.6817	128.316
F7DRS2	NA	NA	3.13196	NA	NA	NA	NA	NA	NA	NA	NA	NA	NA	NA	NA	NA	NA	NA	NA	2.474	NA	NA	NA	NA	NA	NA
F7DTV1	221.364	183.151	216.646	153.968	127.292	145.245	244.262	155.171	186.8	206.385	160.071	91.731	197.947	217.214	143.21	126.456	147.053	136.235	164.69	163.241	188.636	139.728	175.812	182.039	105.742	223.251
F7DU87	65.0031	29.6063	177.101	74.0688	109.573	51.368	60.584	122.474	74.7244	49.2021	104.871	63.5033	29.3448	39.9241	51.1893	31.5906	21.8854	94.8322	86.8506	21.0799	168.454	116.393	62.04	30.3633	108.077	73.734
F7DZ01	387.872	134.003	257.242	168.205	196.322	178.708	218.883	358.49	281.586	247.488	202.958	145.905	174.909	213.973	146.825	234.041	217.12	230.187	206.376	366.293	161.161	145.446	211.645	234.443	144.154	413.709
F7DZE7	99.2334	146.782	155.331	26.753	119.512	144.803	221.751	135.671	45.465	50.2402	27.4277	45.5301	447.441	269.919	269.901	253.937	228.172	159.905	62.0324	208.685	145.46	141.057	229.192	333.44	101.011	332.359
F7E0P3	47.6305	8.30464	8.82726	NA	NA	NA	25.1925	16.5748	127.052	13.7113	86.3154	13.7298	NA	NA	18.9981	12.6966	9.7913	54.1512	14.8509	25.4653	62.2475	41.3957	NA	39.3326	NA	23.6033
F7E0Z9	NA	NA	NA	NA	NA	4.4353	NA	3.83991	NA	4.5914	6.30591	NA	10.71983	1.582753	8.52881	5.57572	7.47066	6.11987	NA	3.3255	NA	9.2804	5.36904	9.70359	12.5801	NA
F7E1Q5	NA	9.30302	59.7262	NA	59.1708	18.9678	NA	NA	66.4181	NA	89.3945	NA	11.3839	NA	NA	30.2628	13.3939	20.8614	NA	NA	NA	6.56104	15.5957	NA	50.7915	NA
H9GZT5	1287.95	3104.88	2697.19	2549.35	2143.82	6553.4	3953.22	1282.72	2094.97	3386.75	2881.72	2658.64	4613.13	3702.33	5395.86	3159.8	3570.25	1922.81	1353.67	3251.13	2031.38	2744.46	1718.72	3028.5	1597.13	1836.99
H9GZV0	2.31508	6.57206	4.16414	NA	NA	NA	NA	3.15658	NA	NA	3.03679	NA	3.93399	4.14331	8.44212	5.54964	4.30323	4.12918	2.787	6.99341	NA	3.36463	6.95567	9.04872	5.82232	5.226
H9GZV1	37.8872	114.034	56.0736	148.222	73.482	411.539	120.256	74.4766	198.49	329.447	230.767	141.943	128.068	122.47	137.55	141.438	122.888	69.2366	192.937	104.71	52.5408	50.8771	143.78	132.785	92.7871	34.7834
O77811	8.747	51.189	16.4033	30.5027	19.0081	52.378	26.4793	18.611	NA	22.2354	29.5279	9.81645	39.0769	53.704	40.7553	32.2853	25.0255	30.3854	NA	52.0944	15.7381	22.5387	21.313	41.7524	25.6255	9.64982
O97508	NA	NA	NA	NA	NA	5.22908	9.225	NA	NA	NA	NA	NA	NA	NA	NA	NA	NA	NA	NA	NA	NA	NA	NA	NA	27.3711	NA
P01220	166.529	216.612	258.374	158.528	231.804	232.113	410.894	162.629	338.106	268.05	461.549	75.7314	168.913	280.906	371.222	124.804	168.773	173.608	256.112	205.049	89.318	149.771	179.03	267.898	203.069	173.497
P02062	226.774	459.38	1002.25	1095.59	355.77	201.897	386.498	334.907	346.404	1635.4	476.218	776.917	181.046	350.379	231.247	128.643	92.957	379.314	720.816	155.572	187.168	117.11	276.413	182.276	304.115	165.146
P0DN28	185.161	65.6346	227.341	169.364	288.634	35.0797	89.2603	548.694	213.8	51.2289	184.64	244.979	16.0668	316.602	73.794	43.9393	27.759	428.83	242.287	80.9559	99.1851	173.181	151.978	126.67	322.367	59.0881
P14452	296.5	103.542	141.39	140.406	172.151	117.852	94.2623	185.036	108.269	192.517	59.0112	77.0577	201.646	161.618	64.2038	228.458	245.972	227.676	157.291	211.225	255.001	171.19	401.666	225.579	169.741	139.041
P27425	185.818	765.075	448.973	262.436	231.406	746.396	318.657	309.837	209.368	312.589	324.341	208.133	614.345	651.84	830.496	529.211	406.192	579.165	125.236	756.835	259.895	276.863	378.12	498.205	481.921	171.903
P35747	286.538	2440.15	2685.47	2949.3	1615.58	1902.2	1019.26	770.125	1104.01	3413.25	1779.57	1353.02	1482.84	2168.43	1721.86	1672.35	1804.51	1508.29	740.65	2214.4	1230.26	1457.58	588.448	1434.98	842.289	363.473
P38029	1256.35	954.228	5087.95	1713.51	1176.72	779.633	1565.21	1961.26	1561.51	2385.86	4090.16	3605.45	577.123	1476.48	821.964	536.958	1074.52	935.326	301.831	454.447	869.618	619.01	537.107	490.178	1243.49	692.668
P48770	50.1387	22.7822	120.468	25.6181	35.6624	15.6396	31.3745	29.2301	32.8652	21.8252	61.0728	35.9984	37.4775	37.4516	48.622	26.0517	40.0583	23.1925	37.7592	19.7215	28.5052	35.6705	38.6458	22.1399	47.3037	14.7314
P49066	547.688	1041.93	47894.6	819.831	1627.09	1824.02	4488.64	11499.1	1802.73	1066.24	2461.43	23064	637.808	4171.64	1090.5	4080.43	3079.72	434.13	1033.25	453.458	486.988	252.198	203.573	416.769	5086.43	419.555
P60708	115.842	244.187	336.702	268.417	2157.06	88.9304	200.908	150.292	246.786	156.646	235.352	254.22	51.6223	408.789	124.038	40.2828	36.9964	114.347	221.358	51.532	118.465	146.381	46.9297	73.8753	124.375	162.827
P80010	NA	2.77742	NA	NA	NA	1.16067	NA	NA	NA	NA	NA	NA	2.54192	NA	1.991733	3.62574	NA	2.82472	NA	3.44347	NA	NA	NA	NA	NA	NA
Q28372	32.9194	50.5317	71.8782	71.3612	39.7467	33.063	58.9783	28.3157	36.2738	67.4645	62.295	32.5019	34.674	47.0354	40.5476	31.5007	23.9141	36.809	49.7928	45.0228	31.9167	29.6427	28.0228	37.6351	37.3922	29.5912
Q28377	1056.94	1636.56	772.063	527.887	1207.67	2311.91	1169.93	1541.24	807.116	847.488	670.937	541.455	2316.92	1646.23	1836.12	2422.26	2406.29	1732.75	1502.84	2181	1287.8	2227.03	2941.98	3167.98	1964.5	1363
Q29482	180.892	162.399	308.842	154.103	391.06	80.4817	271.745	182.722	278.986	354.021	200.793	184.455	96.6634	227.669	101.018	91.9617	139.846	158.531	311.047	115.468	305.471	136.489	144.774	151.713	187.429	234.091
Q2V905	19.7068	18.5668	20.2522	12.4078	15.705	9.52918	NA	18.5227	16.0914	17.8259	13.1472	28.5891	12.9841	25.7309	13.7833	8.42007	10.71109	11.3059	33.1822	11.3846	18.5735	14.1918	13.9092	13.4119	22.3201	16.5936
Q2Z1P9	72.084	39.1847	137.983	165.997	NA	52.3715	273.714	83.6952	108.322	96.5525	87.6732	184.653	8.26952	71.5304	54.2846	15.0291	14.2177	56.1549	141.892	20.3726	67.576	33.8983	21.801	19.6939	77.1111	19.2548
Q6WEB5	51.7644	378.211	503.366	167.378	152.067	55.0049	143.348	26.0848	69.2405	153.057	96.5221	53.1479	34.7501	304.369	115.098	32.1038	36.722	71.2149	136.007	38.3587	179.561	51.1319	26.9675	19.3572	59.1782	124.787
Q8MKD1	12.8715	28.0222	24.1888	42.4837	38.984	13.8386	71.8164	16.4076	14.2861	10.12297	33.6538	51.5746	7.76841	68.8197	24.7189	6.133	4.83975	10.83038	48.9848	8.07572	NA	28.8244	2.28735	10.7129	55.7055	46.728
Q9GKX7	12.3697	46.0103	64.8925	45.2847	31.983	NA	19.8795	6.55945	23.2119	10.62276	3.36564	17.1737	12.1124	30.5969	28.8576	4.73918	4.93331	11.2476	20.5989	9.47419	9.30781	22.5727	6.07171	NA	NA	25.753
